29 1
72 2
74 5
60 5
71 4
75 4
63 5
109 18
118 17
109 17
113 17
102 20
116 19
98 14
112 12
116 11
120 20
78 20
118 20
91 9
71 9
94 10
96 10
84 10
98 10
93 10
82 9
98 9
92 10
94 5
1 0 0 0 0 0 3 2 0 3 -3 1 1 -2 1 1 2 1 3 -3 -4 4 -4 4 -5 -3 4 4 2
0 1 0 0 0 0 3 -2 -4 -3 2 1 -3 -2 2 1 0 1 0 -4 -3 -4 4 -5 2 4 2 -4 -4
0 0 1 0 0 0 7 -4 4 2 -4 2 2 1 -2 -2 -2 0 4 4 -4 4 0 -4 -5 0 3 0 4
0 0 0 9 0 0 -27 -9 12 15 -12 0 6 0 -6 3 -6 6 -12 3 -9 -12 -9 12 -12 -12 -9 9 -6
0 0 0 0 4 0 -16 -12 16 -4 2 -2 2 -2 6 2 2 -4 -8 -8 -6 -8 6 2 8 0 -2 10 8
0 0 0 0 0 1 -19 -2 -3 6 3 5 -4 4 1 0 2 -2 4 3 -4 -3 2 1 -3 4 -3 2 2
3 3 7 -27 -16 -19 2559 -651 -1217 -111 143 262 305 48 -167 -158 -85 421 -167 98 237 68 143 -62 -198 97 -35 -281 110
2 -2 -4 -9 -12 -2 -651 2002 444 -300 -245 318 -63 -218 377 -19 -189 -344 -7 -168 152 -208 -136 127 155 116 -59 -115 70
0 -4 4 12 16 -3 -1217 444 2482 -41 -127 81 -283 -123 487 -53 -103 -5 48 -338 -97 -177 -308 74 57 -9 47 0 38
3 -3 2 15 -4 6 -111 -300 -41 1772 66 157 186 29 -98 259 -139 -6 -221 137 -53 -23 141 265 -373 -284 192 332 -163
-3 2 -4 -12 2 3 143 -245 -127 66 2224 -850 172 -794 156 -348 -133 8 183 -101 148 144 33 -221 40 -13 -220 -65 -102
1 1 2 0 -2 5 262 318 81 157 -850 2155 -650 -312 717 38 -346 -11 -133 -209 59 -306 -79 -43 -194 205 207 -69 166
1 -3 2 6 2 -4 305 -63 -283 186 172 -650 1185 908 -145 202 -99 -60 132 245 81 97 -7 80 -125 6 100 238 -126
-2 -2 1 0 -2 4 48 -218 -123 29 -794 -312 908 2349 -583 168 977 58 136 540 190 -64 94 228 61 -25 47 193 -128
1 2 -2 -6 6 1 -167 377 487 -98 156 717 -145 -583 1058 153 -693 -28 68 -111 -42 -144 -298 -21 -132 177 139 15 101
1 1 -2 3 2 0 -158 -19 -53 259 -348 38 202 168 153 1073 -163 -446 -229 79 -63 25 28 308 60 -132 205 265 82
2 0 -2 -6 2 2 -85 -189 -103 -139 -133 -346 -99 977 -693 -163 2552 -332 327 524 131 -57 8 229 32 -156 -135 130 -176
1 1 0 6 -4 -2 421 -344 -5 -6 8 -11 -60 58 -28 -446 -332 2643 -321 -301 -255 -142 -86 0 -95 -13 -51 -60 -116
3 0 4 -12 -8 4 -167 -7 48 -221 183 -133 132 136 68 -229 327 -321 1019 158 -20 114 -189 -185 187 -73 -25 134 154
-3 -4 4 3 -8 3 98 -168 -338 137 -101 -209 245 540 -111 79 524 -301 158 576 103 17 65 129 -180 -71 207 66 -45
-4 -3 -4 -9 -6 -4 237 152 -97 -53 148 59 81 190 -42 -63 131 -255 -20 103 314 -56 63 -36 -71 -74 -74 3 -39
4 -4 4 -12 -8 -3 68 -208 -177 -23 144 -306 97 -64 -144 25 -57 -142 114 17 -56 361 -80 -108 -108 32 131 54 20
-4 4 0 -9 6 2 143 -136 -308 141 33 -79 -7 94 -298 28 8 -86 -189 65 63 -80 413 -26 70 -23 0 -85 -44
4 -5 -4 12 2 1 -62 127 74 265 -221 -43 80 228 -21 308 229 0 -185 129 -36 -108 -26 394 49 -184 22 55 28
-5 2 -5 -12 8 -3 -198 155 57 -373 40 -194 -125 61 -132 60 32 -95 187 -180 -71 -108 70 49 824 19 -319 -136 142
-3 4 0 -12 0 4 97 116 -9 -284 -13 205 6 -25 177 -132 -156 -13 -73 -71 -74 32 -23 -184 19 933 2 -207 -96
4 2 3 -9 -2 -3 -35 -59 47 192 -220 207 100 47 139 205 -135 -51 -25 207 -74 131 0 22 -319 2 962 36 -112
4 -4 0 9 10 2 -281 -115 0 332 -65 -69 238 193 15 265 130 -60 134 66 3 54 -85 55 -136 -207 36 488 -57
2 -4 4 -6 8 2 110 70 38 -163 -102 166 -126 -128 101 82 -176 -116 154 -45 -39 20 -44 28 142 -96 -112 -57 327
437 151 8281

0 0
